262460
274133
262482
311451
295248
291177
295242
262342
278744
278841
311588
278750
278659
262519
311526
278680
278721
278674
278877
278754
295202
311510
262366
278688
276936
278880
311651
295283
278793
278665
278847
324589
278759
262364
278769
278884
278825
278680
311513
311486
278739
295169
311501
278860
295141
311575
278704
278822
311646
295174
295185
278795
278670
262433
262398
286915
262430
295076
262335
262309
262465
262352
278852
278886
278714
311512
295071
316448
311581
295275
295138
322015
311527
278765
311454
262277
311444
311550
278810
323134
311678
311602
311643
295051
311487
295123
278837
279683
295231
311662
278764
262412
278828
321730
282418
295169
311499
278684
311479
274421
278762
309110
262365
295081
278763
281167
262414
311656
262350
278712
311512
262346
295224
262527
311573
267492
319056
311626
311506
311634
295172
295228
295201
278728
262506
278662
262471
311427
295103
295295
311460
315762
278724
278412
311656
295138
278720
262314
311451
295230
312449
282108
311452
311445
278715
278857
262299
295126
278853
295080
311498
262391
273320
311487
262275
262338
262488
311524
278851
262432
297194
311546
270812
295154
286273
278864
278846
321271
291660
298517
295053
311588
262370
282133
280661
263047
295135
311427
311589
262487
278174
309627
262484
295193
295106
278719
278732
278668
295089
311486
262408
278805
295222
311577
324801
311476
327491
311610
278767
263172
262510
262314
295141
295144
295153
278859
295071
262430
311559
278835
278821
295061
278845
262495
295278
311448
311561
311650
262491
278861
295125
296096
311555
327434
278885
295239
262949
262407
262518
311522
262282
278781
271026
262509
262522
295052
295152
295185
295042
278341
295086
262369
278664
295125
315363
262401
278666
278858
295788
295219
274066
311516
295265
278699
295151
295272
295070
311470
278711
278824
278722
295167
295171
278798
311603
262330
311610
295229
295107
295095
295073
295088
295061
295147
295042
278676
311679
278875
278689
278718
287139
278795
311581
295065
295089
262280
295123
295230
312212
302590
311627
319797
295064
278704
262354
262283
295112
262320
262313
262370
295110
285612
311552
295185
295057
278789
278839
295061
262302
311636
311542
262506
278881
278843
311501
290309
295289
278909
311472
311570
311668
278778
295186
311443
262383
294256
268743
311453
311580
311523
279029
317106
262466
278897
278701
278862
311552
295135
278890
311657
278887
278870
262516
320161
295284
262291
262291
267475
311622
295058
278879
297413
262387
262449
295209
278692
311581
273182
295062
311559
311434
311429
301641
288603
311654
262440
311557
295258
278812
262455
278676
278809
293296
262341
295173
295209
278735
269557
311573
295216
288393
262477
262360
311523
273379
308160
311579
262325
278690
278824
268579
278753
295086
295202
262531
278823
278743
295062
295080
295047
262509
314258
315257
311584
278761
311475
278910
295072
263423
311615
262435
262287
295198
311547
295096
311494
311457
262460
262391
262459
295246
311567
278904
311524
262454
278851
278682
262399
262404
292150
316019
311549
281066
295267
319465
295096
283940
274611
311430
278661
295048
295097
293312
288806
295185
311522
262309
262435
311505
295271
295261
262279
295126
325585
295172
262396
295201
295219
311662
290531
278806
311624
295095
278892
311470
278674
319547
262453
295142
262497
311576
305799
278766
295654
262488
295157
278687
262444
295093
262382
281521
278734
262426
278668
287434
278751
311554
295199
262347
295202
295172
311623
262427
311665
291515
262431
262359
279736
262392
262336
262494
262294
311669
311488
262440
262293
295097
278899
262522
295110
262452
295074
311604
278700
295165
262356
291892
278662
295209
262443
295073
302442
287985
295202
295191
278674
311595
262480
311620
264440
296643
262423
262494
278729
307511
262449
327548
278677
277891
262284
311431
278838
278698
262438
278724
262335
278207
295186
262487
262499
304192
262418
295196
317820
278896
311514
278859
326194
311517
295063
277114
262480
262305
278826
295238
295704
282326
262376
262406
311465
262367
278728
262492
262373
278785
278869
278840
311518
311581
262300
262437
295295
262466
295102
278893
308446
278881
278706
311649
295264
324418
262494
295204
295040
262358
293253
262310
311629
295113
277744
282928
278871
286370
311552
295292
295133
295212
278812
262461
278780
295050
278847
262335
264769
311842
262419
278702
278689
295291
311435
282000
311465
295275
262317
323134
295279
311438
295188
295250
278843
311518
295269
311552
311433
278780
311674
311570
306752
295150
262343
295094
311474
278866
262341
316799
295048
278878
295072
311552
295201
279779
311652
278756
262340
311545
278908
278679
311528
295268
267506
262391
278813
265642
295119
295278
278778
278681
262352
312552
278834
281378
278745
262526
326904
278867
278800
262337
311507
285429
311593
262318
295096
295222
271542
266559
262418
311652
262431
278723
311500
278775
311573
311639
311506
286768
262373
262343
262518
262278
262474
295138
262515
262498
278809
311546
291999
295274
262500
311609
281749
295272
317553
311558
295240
278903
295177
311615
303441
311467
308345
278816
262438
262355
278657
295242
262483
278884
262299
295121
273392
322566
262520
262442
298046
311470
311657
278710
311483
278771
262340
262352
295131
278694
262346
295212
262381
311539
262309
278810
262444
262490
311490
311632
278702
262708
278749
262507
311500
311652
278671
307721
278752
295220
311617
309488
316164
310709
278799
295196
311568
311552
311564
262328
311449
311672
286191
278695
278728
278665
295231
262303
295225
311552
278744
295228
278701
312980
295242
278722
278696
289157
311429
278873
262461
295249
278774
278863
311611
322206
311566
262462
311666
295136
262415
318883
262409
278878
280938
295213
311480
262308
262466
278322
278798
278830
278825
295062
279446
295194
311650
278813
262345
295075
295174
262376
311485
278815
295062
295240
262342
311469
311598
295143
326369
295266
324855
278816
295094
278768
311666
308576
271712
278109
278800
278695
278734
295152
262301
295206
306237
311631
325682
278697
295088
311548
311560
311527
295220
262499
300315
295205
278692
278897
311438
281870
262492
311519
262315
311448
278671
311652
262371
311441
298793
278798
311458
295129
278660
295122
295138
292613
310206
278708
274466
278710
262471
311441
299967
295288
295154
278841
262318
295280
311628
292552
263599
262348
311474
262280
311541
311552
278710
278888
262319
311469
278668
262343
312287
311591
278719
273107
262450
295096
262410
295071
278358
324093
311597
295057
278702
262346
295045
311638
311663
311572
295238
278764
319172
262517
262273
295227
279538
273694
262277
278804
262495
262524
311440
295234
311574
311522
262457
312427
262400
311660
278880
295292
311671
295246
278743
311560
295080
262489
308160
262413
262496
278798
278830
262491
311483
278893
297474
311445
299703
295241
262427
278833
262485
262462
278744
295213
295143
295081
318647
283647
262491
295252
311532
311636
262464
295176
262514
278882
311573
295261
278809
311497
262433
311566
278901
278912
320459
262315
262518
278677
274060
295290
278815
262437
262364
278685
295080
326324
311510
311541
278845
262317
311480
311532
262293
295155
311534
295791
262310
278754
295195
296027
302803
262354
311444
262433
295126
278909
295099
262322
262308
311666
295065
278679
295228
311649
278839
311490
295217
311461
311434
295179
262331
262523
311543
262300
311463
280086
291313
311569
262350
282874
311636
311664
277633
295096
262283
271952
311614
311608
278705
262514
278841
262468
295271
311571
278702
295169
278847
262395
262364
311444
308725
295278
278733
262303
274569
278782
311613
262334
275329
262410
278678
311570
311460
311538
262929
295250
311529
295173
262505
311555
278774
278702
278713
311596
295121
272134
311598
262318
311553
295043
301461
278871
278829
311527
278762
295227
295125
278723
311611
278788
262456
282515
322577
278832
311649
283276
295283
295078
316930
278889
295096
311431
295043
262526
311573
262463
310858
278678
265786
262378
289904
322074
311449
262272
295270
311635
295094
278685
318906
311554
311426
278744
310414
305912
278761
311568
311638
322618
278659
318555
278770
262278
314229
295246
295171
278682
295174
295283
311514
262301
295233
262499
262343
295048
273095
311479
311527
262285
295227
278712
262422
278752
295175
263607
262425
326349
295066
262492
262292
278775
278680
281371
311480
303453
285273
262482
311520
295293
311643
311450
278761
295138
278754
262321
311440
284069
296302
311621
311636
262419
262401
301423
300260
262307
311640
278741
311663
262418
278902
293459
295214
295246
278859
311552
291903
278666
311477
295268
311620
311641
262347
278869
312574
279876
311506
262425
311511
295187
285855
295180
311678
262415
262360
278728
311585
295262
268417
295170
262346
311576
295289
295061
278897
262425
311658
295149
311666
311507
311653
262428
262435
309278
278892
262487
295255
311431
262484
262331
278840
295095
295231
271978
262341
278231
311540
311479
272523
262475
262373
295156
311444
278673
295281
262426
311437
295274
295205
295089
311480
262471
266212
315681
278842
278671
295291
295068
278824
262282
311519
278662
311463
295145
262301
278855
317305
295062
311620
262356
262308
262391
262325
311445
278836
311579
295201
321994
278787
278754
278687
311644
316996
295246
311463
262327
295128
295090
295243
301949
311615
278876
295246
276888
295114
262309
311492
278803
262358
278758
295260
262309
311502
262309
295074
311483
278840
271172
262345
311561
311543
311524
295106
295195
278661
262339
278751
278894
311517
278856
278775
262509
275784
277889
262460
278688
278670
272170
311638
289897
277881
311635
278738
274581
311594
290684
295068
262301
284688
295232
295140
278878
262350
296843
291371
318080
295145
269055
311675
295242
295042
295262
295241
293582
262387
321623
274869
262316
262355
324835
262430
278829
311609
262486
262450
262272
320283
311599
271325
278768
278813
262356
278794
262479
323117
311469
262377
278813
262473
262449
311575
295186
295187
262383
295135
295040
295110
278692
295049
311492
262411
278841
278703
311551
311530
311538
262442
311655
262397
311537
311612
278661
262414
311618
278791
278748
311496
278755
311433
311616
278816
311652
311657
278881
262391
311511
310333
311548
311556
311429
278841
311457
265080
262514
320631
278706
279441
295181
295044
262527
278787
289567
311491
311443
311645
300119
278874
295270
311503
278886
319282
311433
311469
311508
295255
262284
262506
262358
278703
295207
262344
325261
262403
295098
327005
293430
316707
262369
278144
295207
272672
262310
262485
262457
295134
262394
262476
276617
311652
311484
311465
262441
291931
295199
311586
278705
278800
311639
314690
295088
262344
278842
278834
311488
262409
262446
278656
311588
295090
311540
295192
311572
262326
311665
295051
311635
311548
262324
278667
278706
295105
262424
311507
312712
295238
278842
262394
278705
278736
311487
311463
295051
278771
278815
295046
295103
278813
294400
262448
262344
264222
262290
311621
295049
311516
262370
311524
295247
306130
295174
295263
278806
290901
278836
262342
278778
278872
278872
311521
311632
295135
282569
311579
287994
278894
311580
322532
262282
295130
319345
311514
262441
295152
278783
278866
262520
311569
295158
311648
295189
311636
295252
262438
311568
311614
295196
278856
278804
311543
278776
278721
278812
295105
308400
278698
278718
295172
278778
319787
278909
295088
295211
311444
311667
278888
295203
311481
295224
326927
278685
311646
295123
319746
307964
278826
311616
275451
295062
311487
313871
278854
303370
262364
295218
278754
311446
275890
278900
295103
278782
262456
320545
311671
262353
315270
262388
306589
295045
295123
320509
311520
262407
295118
278897
278841
311508
295121
278758
311478
295232
262318
295134
311526
262374
271510
278857
294762
278800
311446
262460
278679
311633
295182
262386
295221
311508
311429
262402
307229
319337
314876
278876
324282
278684
295144
311457
262354
262445
311434
266237
311498
311562
278842
323400
278671
262385
311490
262504
262490
278712
311488
284232
323471
295047
262430
311483
311530
278903
326597
295080
278677
311523
295193
311518
295200
262348
311496
311441
278854
262519
295275
311554
295077
316005
286039
295258
262520
322444
295262
262321
277513
311642
262485
280495
278877
262347
262387
311658
276755
278805
301958
295169
267382
285065
278802
262503
278661
325702
262463
280320
295131
262450
299847
265342
262315
300107
311478
278860
278869
262515
262431
311506
278826
295271
262451
262299
278073
262386
262401
277563
282734
268051
295254
295131
311640
295081
322862
311456
278910
289864
296010
278710
278879
311606
262315
295222
295278
311556
278753
295114
311644
262437
262370
278796
293875
262273
311526
311549
295092
262321
311965
311446
319226
278744
295049
295045
262501
295178
278698
271866
295206
295128
288196
278811
262504
310666
262306
308639
278766
262394
311455
295281
262376
295098
295142
324256
295056
297549
295139
311530
262524
309040
298889
311559
278837
305778
295114
275111
262275
311487
278881
311669
295140
262289
295166
317815
304220
262493
262290
276483
295149
311631
295286
304362
262367
284229
262462
284180
278898
262502
311675
262506
295077
262483
262456
326376
263571
262330
311591
311555
278780
311553
311553
295107
296086
295264
269645
311563
295179
263166
326827
311582
295175
278658
262403
278780
294140
311521
262524
315740
311471
262346
262296
262331
311583
295121
262433
311463
300411
262504
311527
295111
262506
262420
309642
295273
278876
282899
311485
262487
295236
262400
278825
295207
295140
317717
262310
262395
295124
278861
262489
311643
311674
311596
295273
324748
262515
295041
324679
295290
295223
262447
262444
311485
278823
311427
262289
278719
311511
295186
311428
262517
278723
275099
311657
314088
295204
291271
262283
295278
295168
281391
311645
311561
295276
295112
278819
263195
262378
278850
278870
279283
322347
278783
311509
319439
262518
305433
295136
311531
278905
278895
262418
278821
287641
262393
262354
278825
262513
278724
262472
262292
311624
295211
311475
295281
311531
278737
311592
283865
283774
297420
311597
295107
295105
282701
262445
262390
295096
295283
262282
295233
262414
278693
315167
295087
262510
278718
320721
278902
278663
295279
311435
295199
295280
311584
262414
295250
311447
262498
295238
295085
295216
327327
294339
262357
302231
295046
311584
278759
262358
295125
278689
278681
286233
262370
262428
311536
295158
311550
278826
295294
262938
266025
262320
295178
295174
262451
297143
290011
278754
262487
318879
278906
295214
311646
310844
262306
311655
278862
323379
295229
262461
302228
278756
262347
318886
278791
295265
295169
262476
318828
278738
262458
262332
315691
278682
295276
262285
307588
278752
309831
278756
278741
311590
311432
278751
262344
278861
311447
262517
276768
262412
311516
295044
278850
294087
262308
295283
295224
318648
278730
295286
278780
295284
311425
262305
295253
302199
300450
278833
295226
295214
278678
295197
262278
267974
295279
310838
311580
295069
262453
276521
278904
288565
262345
264492
311602
311548
262522
295050
278872
311469
295212
262419
311482
295209
311448
295128
289889
267717
278709
326293
311656
278784
264488
295096
278661
267545
262501
278768
295190
278831
262404
318780
278701
262323
311429
311568
278907
262477
295169
278774
295259
311672
295258
272882
295248
278816
295282
278767
278848
295179
295128
278886
315473
295154
278896
296753
262326
262419
278668
305889
279072
262277
278847
295117
265223
311580
311451
280541
295193
312640
282749
278824
262336
278825
323590
311443
316104
295048
278705
308102
311643
295048
311590
266321
311503
326810
311626
311556
262292
262519
262306
278748
262356
262294
278679
262276
311428
295224
262447
311433
276929
308551
266222
278710
311527
295283
295232
311630
270207
278870
278861
265293
278789
278809
278834
295219
278789
311613
295277
295236
278890
295037
287354
278900
297978
295156
278884
262439
311529
295139
306236
262289
311454
302067
311586
295050
264524
290610
295206
278889
262283
262357
262275
278703
286922
262300
278808
272180
262340
311562
302717
278701
295170
295110
295180
278878
291407
262412
295098
278776
320690
278788
295264
278699
278786
278854
311614
311531
311638
295132
278664
262482
278801
278871
295276
295084
295152
295167
285605
314650
262515
262273
297850
295271
262525
295236
278866
262364
295114
262286
262378
311615
311571
278778
295046
278732
295156
262389
262381
278842
278877
295199
309148
262403
278881
295145
278739
268002
327064
262357
311548
262471
311599
278754
295054
311623
262372
278891
295168
295252
311472
278773
278682
278883
262488
278815
262442
311454
311550
278800
262273
311553
272756
311472
278825
262422
311467
295277
311611
263100
262354
295187
311629
319084
262379
311504
262390
295159
278816
278679
275138
295151
311647
262395
303385
295284
295064
262277
278713
262274
296148
262370
295043
262524
311534
295057
262461
311604
311555
262320
287526
278683
278666
262415
311510
311593
321092
264567
278740
320291
262506
295162
302746
311584
311532
321821
311554
281724
318665
295113
273286
278669
262392
297574
278769
269493
311595
263858
262493
295231
278852
311598
281662
262298
295280
262324
306541
295207
311649
278748
262281
262477
295205
295168
278852
286904
304051
298910
295259
287743
311453
295134
314725
262477
262391
295042
295140
278676
278685
278747
295104
262358
262520
278733
295056
262290
326068
262442
278863
262489
264763
295109
262413
262501
278831
262466
318004
311584
311489
307664
295243
299341
295113
295214
278861
311557
278893
262423
262325
295109
278743
295152
280706
311627
295205
311559
307809
285823
262525
285878
262343
278709
295157
295099
288517
289604
278874
278691
295267
278876
278763
295194
322427
278716
278676
262516
295080
262455
278680
295113
278902
311576
295185
278898
278823
295230
311582
324048
262417
311512
262521
295256
283852
298648
278686
278691
278863
278897
264544
264831
262450
308281
278849
278666
278880
262381
311437
278762
278895
285604
278701
270378
262327
295277
295285
296420
266828
314663
311674
311520
262303
262353
278882
278481
290686
283175
262275
295170
262495
288904
278712
311437
278807
311428
262447
262369
274024
278727
308556
295218
278830
295062
295055
269534
262492
262493
262439
311599
278839
278849
262409
295236
278715
278670
311646
311608
262301
278738
295270
295107
285313
295141
311535
307145
295142
295275
278900
311663
311626
262331
262421
289301
282061
262304
311669
295059
295294
295285
278741
283999
295624
313765
295158
278860
278708
295227
315800
295273
303377
273172
327241
278772
286196
263739
311453
278803
295077
295138
295119
278815
311500
311533
295181
311672
311633
262513
295097
295233
287520
295209
311542
278759
311433
278663
278694
311618
279669
311519
295150
262471
295227
262302
311585
265604
316908
262374
325403
295198
311673
278906
295104
295132
262418
295227
262414
311528
301333
295251
262492
311543
278760
295124
262500
293824
311533
295275
278720
278853
262307
311566
295064
262369
278678
278905
262486
322037
278753
295273
304923
295108
278748
314939
311673
295207
262328
305889
308490
283810
295230
297920
311532
311667
278705
278779
311514
311560
262367
278701
278710
296477
264963
262485
295082
278682
278677
262413
295152
295123
278807
311475
262527
278714
262319
262311
262378
311486
295151
295285
311567
262508
311537
278882
295067
270532
262500
262488
320968
295041
295045
278730
324535
295041
278790
311620
262349
262274
277401
295279
262289
295129
278693
278853
297616
311587
295191
262475
278779
263612
295259
311501
285084
295270
278897
295278
295233
295096
278759
311459
311576
278800
295060
262331
262300
311509
295263
278840
288846
278891
287530
262276
295253
263138
295096
284635
310904
262333
262322
311541
311457
295107
278726
311599
278743
263995
311630
323559
311505
278807
262285
309611
295106
311573
278872
262354
295172
295120
278839
267328
295142
295216
264826
311603
278795
262398
278745
262338
295063
271034
262422
314036
278686
303140
311431
311537
278738
262457
278905
295161
295147
303268
311651
262439
295119
295054
278672
295077
262319
278692
278700
311615
311519
262393
325176
281580
289418
262435
289837
278764
278876
278883
316146
311426
295134
311505
278717
311466
311533
262482
262311
321341
285357
295218
304961
311644
311533
268942
289461
311552
278714
295051
262461
292268
262314
295214
309541
311673
278754
278835
262327
311600
278849
285942
295208
262393
295172
295242
278665
315657
295183
262280
278870
262489
278686
262328
311473
295096
262324
278776
295195
278753
278824
298068
295276
295503
284818
295216
295096
278702
311471
278753
316815
262279
311549
304136
278869
262381
269325
295062
295253
278910
295164
311539
295273
311432
278806
278848
322971
311425
295231
311515
278785
276795
295175
306134
278744
311517
311527
295092
262483
311573
262519
262452
262315
311541
262499
295259
295257
311508
278821
295157
311445
278864
278839
262467
322463
278713
278789
295120
262475
295164
278889
264842
262514
311497
311644
295078
277326
278734
311612
303596
295213
267139
311619
278749
278860
311477
295290
311555
278902
262290
324049
262435
277855
311611
278800
311572
324387
295068
262318
265262
311476
278758
299304
278740
278683
278685
295157
262446
262285
319185
295080
278675
295205
278827
305069
262324
295809
262409
265779
311676
295171
262418
295183
311563
311609
278663
262706
278839
303930
292161
295114
262498
295066
262435
295189
278716
295283
311438
314688
278668
325064
295106
311508
292161
262526
288080
295154
262466
262421
311506
311592
324875
262384
322315
311626
278678
262330
311645
295198
311583
295173
295275
311646
295248
295088
298759
311480
291601
262480
311441
311678
284492
311440
278772
311558
311465
311492
278779
311678
278839
296081
311435
295217
278738
278685
262339
262333
278883
295079
295191
295282
295092
262503
262448
262448
262286
311512
262285
314651
262276
295192
295166
276808
311664
278727
315522
311430
311579
274082
278674
262512
311463
278880
262281
279427
262511
278850
311500
295157
321369
262306
278675
311569
303753
262389
295244
278841
278680
311524
311526
278742
311642
289883
262460
278762
295058
324853
262327
311609
298028
278678
262385
304097
311482
262477
278821
262375
295186
278887
295289
274620
311468
267727
262329
295193
314055
262488
300485
278774
286456
278770
294849
278809
278889
265924
311510
278862
295053
320038
295094
295253
279339
301536
311647
317281
295073
308654
311521
311478
311451
262393
278795
295134
311534
262290
262351
278780
311468
318317
262405
262379
262487
262279
296674
295175
262304
295099
295227
295106
327372
295217
278845
311500
278839
311559
295245
311545
280756
311508
272382
295283
295271
311583
278874
278754
295135
278721
311669
278885
295044
278490
295226
295185
275769
295048
295155
262903
295142
322266
295269
262475
311638
311613
311593
311439
311586
311580
311472
278809
274788
292530
295184
311465
311538
321972
263476
278742
277831
262512
322482
262406
311483
295145
278772
295156
278684
275378
287017
295053
262470
295123
311660
295122
311555
278837
311633
278863
295093
311512
295068
299867
278869
311572
285435
262437
262501
311492
313915
295120
311174
280171
278702
278699
295263
262412
311563
301491
295130
295219
311581
298437
311520
317419
262400
321057
262446
295099
285288
278797
308736
295152
295170
278756
262393
262457
278703
278766
311539
295276
262515
262276
295224
311569
295098
278904
262404
311535
311675
295165
287315
295158
278905
295175
314110
306465
311501
295096
311446
262474
304943
295272
262417
295048
262389
295264
262378
292679
295186
311529
311651
278837
278805
295115
278797
264860
295104
278828
295125
295212
301393
295139
317798
278880
295073
295153
278690
295151
262471
264691
262450
316755
262451
311556
320880
295068
278786
311458
278714
278823
262508
311533
277040
262428
324557
295170
262319
278854
295240
326159
291777
297752
262277
295154
262459
295225
295082
278703
311542
262330
295204
283720
262324
298315
278747
262439
295042
295175
287576
296716
278722
262322
271216
262406
278674
309393
311490
303134
262500
295135
280807
268139
278819
262315
295085
278752
287815
262460
295174
295043
311544
300306
304951
311442
311564
262455
317310
295149
275638
295105
311432
295218
278825
295241
262490
311533
311448
262373
278788
262347
311550
262398
291959
262308
295223
262521
278871
295288
262321
295145
311566
278688
295246
290597
295101
314747
324433
262436
295053
262327
262489
295099
311628
311674
295273
290880
295206
295272
262322
311471
295114
295057
278780
311651
295172
295139
295186
295064
262462
278688
262385
311466
311672
268912
295054
262473
295244
295152
299876
295140
278849
278834
311532
295792
295273
295088
262351
278705
278796
299623
278793
295127
295249
262519
295104
295219
311615
262498
295272
262411
295278
262371
278787
311426
278883
316527
262442
311477
295092
311538
278784
295211
278758
262291
295146
278806
311642
288231
311667
311653
295086
311615
311563
309735
262281
295215
294463
262510
295268
311617
311631
278682
295088
295119
262435
295184
311521
295158
295137
311366
296826
327409
295245
264831
262363
311602
278669
311493
295251
262334
311473
262371
278715
295084
295228
295161
278826
295112
295290
262509
295272
295114
278870
295091
284918
295184
262486
262297
307275
311507
302789
295108
262418
311622
262286
262527
278907
262291
311424
262393
295055
278719
278677
295252
278848
278889
301187
295080
262358
311643
309168
262443
311516
262515
311572
262391
262414
278701
262455
295148
278802
278739
262344
268971
311659
278716
295256
298942
278780
262356
295253
311635
278712
262365
262479
262483
278850
295253
295098
278825
262427
262410
278752
295119
278866
300367
262289
262479
281673
262395
262364
262276
299618
262301
262308
295089
311608
311467
262384
299196
282413
278789
262499
295211
295252
262470
262288
308294
262450
295277
262455
278750
262475
322995
262469
262527
262521
262279
278816
295213
295219
320304
311545
311623
295096
295486
322435
278744
294227
311660
262307
311656
278831
262311
262381
278692
278672
311518
311672
262323
262318
323084
295136
311439
291566
311932
311515
262393
311621
262391
262426
276120
278911
282419
295130
311495
262485
278849
307081
278709
289432
262367
311433
262341
262288
282712
311532
295258
262481
266503
282409
262351
262377
262283
311661
311529
295247
278665
311649
295280
308924
262488
278659
295132
267199
295105
278812
311523
295071
295294
278684
295238
278744
311620
327303
262428
278689
311641
278822
295172
301219
262296
295083
295121
295185
262431
295292
278806
311457
311633
311528
262517
262491
311506
311507
295057
311634
295258
262464
262298
295064
278895
262470
311426
311559
311597
278774
295119
262439
278806
311465
299701
313255
262362
262454
327107
262368
295192
278676
295075
262328
265252
313558
278750
305250
262416
295217
262526
295265
262335
311607
291599
278734
262340
311521
311472
278851
262459
311436
293041
295243
263669
262410
278875
262504
278903
295178
278663
278832
311586
311474
295294
262316
295101
262339
295292
278832
327107
311555
311565
278735
295218
262477
262520
311454
262328
311508
262524
262418
278718
262317
278794
295144
295087
311573
301774
295918
262453
306933
311661
266294
278694
311631
278843
278779
262425
279420
295180
311496
262511
311541
295150
295221
262421
295118
311611
311532
311649
278815
262417
295168
295254
262390
295134
262488
295285
295222
262432
278706
278870
262429
262516
276542
311655
312686
282300
295198
262288
262437
311487
278761
262293
262433
311481
262487
278781
262405
311424
311469
295114
277308
311478
262380
278779
295155
311639
262296
278867
295258
278668
283987
295248
295163
262422
262484
262341
311449
295191
311591
311664
262414
262324
306768
271411
278879
295237
295270
262439
283383
278756
303730
295043
295101
311532
278776
262348
278743
311547
262384
278888
262472
278736
311470
295655
278688
295245
262439
311678
295155
295140
262399
297061
295246
262348
278792
262496
262459
299714
278834
262444
295097
311467
305081
262457
301462
311434
278890
295164
295189
262405
262324
295259
295146
295157
311544
278682
295206
278808
262301
311565
295154
313674
278715
295256
262438
295155
295268
295101
295061
278848
262318
281542
262466
295118
262331
278662
311576
312615
278767
311624
294461
275271
311490
311586
262299
311679
262450
278710
297834
324219
273319
311950
277677
311533
295179
278752
295201
311677
311568
322945
262309
262274
278700
295263
296282
311561
309010
278737
311636
295158
278863
262412
278780
311659
295269
295174
311518
280130
295212
295228
262513
278853
311541
295292
278875
262433
302338
262379
303101
262334
278911
311511
284906
295288
324380
295285
311869
311562
295056
311445
311482
311542
278717
311592
289572
278790
278694
311486
262424
262448
302872
262509
278812
273928
278713
293429
323610
295229
315000
262456
282834
278901
311674
311647
278841
295237
262413
311478
311523
262295
311592
278789
320921
278740
295206
278905
295116
295047
278670
295105
278898
295167
323055
262313
298948
278814
295115
308831
295275
262324
311491
311430
278847
295148
262409
295099
278723
295278
278768
311621
311484
325976
262485
289048
262365
311514
262412
295201
277315
278833
278799
311665
290252
262473
278699
262514
272099
311516
295248
262401
311615
274826
277070
262488
311518
295218
311546
278786
295146
262358
295063
278828
311500
311773
307665
262502
262441
295258
262317
278900
278742
262455
311521
290433
278854
311622
278857
295237
327590
262358
278663
295057
293226
325649
312833
295214
278896
278731
278663
295225
278679
262432
311426
278841
278908
296454
290112
311481
262331
295139
278832
262369
278756
262313
311433
262381
278749
295111
327081
278740
311565
319053
295263
295151
262321
278853
262478
311500
278813
278702
311443
262458
278754
278881
262360
295177
262351
269027
295153
311465
262368
263342
278870
289478
295123
292216
262282
262384
319473
295104
323888
278680
289843
295276
311600
317578
311552
278894
262410
295171
311458
262474
262419
262302
278771
262518
262397
311678
311564
295093
295258
295214
311541
311445
295045
278792
326471
311436
278796
323473
262402
295252
278668
278660
279079
295290
295224
311491
278829
311581
264747
303293
278874
262477
311548
278804
295096
278694
278795
311459
262468
272752
278817
262399
278784
311495
295241
287181
295099
317628
262437
278757
262380
311674
295098
295054
262375
278861
311483
262451
278837
278900
262358
278857
303731
278834
295276
311609
262485
262389
267369
311669
278675
262361
295197
311456
295238
311497
278828
311544
278816
311500
295196
311470
295249
311580
311593
278879
311474
262523
262387
295083
262460
262283
295055
311483
269822
295131
311635
311650
311531
262389
326090
273128
278784
278687
311537
295233
278793
262499
267274
321937
295070
311503
311625
311663
278658
295244
323623
262415
262457
262475
311572
295195
310467
280405
262393
280697
262505
294697
311571
295205
278676
280462
262276
295045
311444
262362
324884
311444
278720
262319
295235
310568
295131
299864
311544
295192
311581
299070
278753
278863
311589
311646
311530
262324
311597
311537
278711
278819
311570
311457
295269
295183
278776
262341
278802
278725
278863
295167
295286
278694
262378
311496
295133
262371
262428
295048
278815
262383
278746
281932
262516
311455
287043
262499
311622
295214
287216
262386
295264
262507
262287
311632
262324
311653
262426
311669
262444
295176
295253
278906
311509
311604
311655
295256
311427
295055
311543
295137
326557
300233
262433
311623
311446
311536
290877
278775
295108
278669
272985
262413
311445
264068
262467
295104
295293
262407
295226
279055
262415
296076
284793
262467
262506
278731
262515
311636
262276
278735
295068
278670
311499
278659
278724
311507
278722
311570
311486
282389
311529
262469
278782
311503
295202
262278
262445
266917
262437
278684
311662
311495
295062
311676
262406
322767
262472
311639
311505
295115
311516
295069
311467
262364
262293
278737
311488
278851
307780
262479
298977
262328
278798
303006
311613
278831
311500
311520
295172
262434
278864
295277
311576
278852
282819
311613
295066
311558
278807
278794
323048
278758
262283
262494
295268
287917
311589
324481
278824
311570
262282
278736
282635
327428
278827
278910
295085
262306
278751
311497
262284
262464
311604
291135
278666
262404
311452
295123
295238
278671
278779
295143
262485
295160
262317
295176
311585
295075
295127
312540
295186
311634
324307
298420
262482
295141
295081
284009
282016
295186
295092
311674
311481
278717
282987
311520
311625
278791
278774
262477
278852
262496
311641
301096
314522
264907
311844
311525
311475
264697
311616
308606
262515
262391
278818
295144
327437
295219
278748
311468
301130
311520
296240
262306
278730
262486
278656
262382
290118
295196
311635
311552
278826
262312
295178
283854
297365
288429
270150
262302
311549
278881
311545
295042
311612
317980
295183
262461
295152
311567
295166
295231
295113
262389
295158
295216
281457
278814
278715
262485
278760
278726
314420
263883
311608
278847
295082
283525
262414
262340
281362
295273
311607
262274
327108
311660
295136
311586
299992
311540
262292
295237
278868
269777
311433
278699
278756
262414
311482
311124
262311
303754
311571
295041
311671
311464
295073
278698
311511
283191
295116
278691
323321
278712
278835
311626
278768
294184
311587
277707
278813
295243
291657
295073
262481
311624
295112
295240
262512
320493
278708
321163
311455
277432
262283
262358
280486
262476
275053
278755
262469
278765
262335
278682
311587
311632
295047
278870
262360
278851
279181
278890
292111
278601
278806
295189
301991
262509
278715
309893
295125
262289
262431
262472
262341
283113
276673
311318
304865
292626
311454
295233
278669
319969
311540
272024
278725
278696
312435
295084
295138
295159
266151
278807
278734
295611
262463
311554
278677
295250
262348
311601
278764
273634
311646
278709
295120
262311
311553
311587
295275
262509
278819
278808
262285
297512
311522
278715
289853
311585
262455
295255
269400
278714
311519
311664
305340
311679
262523
278878
295202
311639
321222
278809
262467
295293
311466
278675
278909
262291
305559
295074
262293
278834
311575
262527
262395
311676
311479
295226
295104
278860
311582
295239
262338
295065
262320
262371
278715
284852
278837
262397
262488
311608
311561
262486
278891
295253
278795
311603
311508
278901
311432
278708
278865
311584
311435
278667
311507
295273
278853
311540
292861
311636
295159
326302
262364
295187
295159
262406
278823
311426
311604
311661
295205
278764
262394
311441
262404
264645
278673
262519
313752
278796
311426
294750
278874
278849
278870
265077
278838
262362
315698
295267
303138
278884
324814
295099
311559
311438
295177
262446
317745
295104
295060
262274
311553
278679
262450
262525
295290
262463
326165
278743
311489
326148
262374
311481
302544
295179
286844
262317
262432
311619
278717
262511
306073
295289
293380
311536
262423
273015
278775
262306
311490
262389
262374
295209
280574
278794
295214
311612
262342
311587
297653
266604
311598
295163
295111
295244
309921
311455
295187
311583
278804
278897
266188
295267
311446
321335
295089
311617
262374
262286
295249
295240
307058
262456
278686
311604
262422
311441
262205
295164
295131
278840
275166
264072
278868
278695
262340
295279
299746
278907
295164
278691
295127
311602
278680
295239
311591
278754
269797
262336
262328
311578
311449
295270
278736
311590
278695
295273
311458
311514
278829
262469
311644
262350
299343
311624
311656
311630
262481
295261
262657
262291
295267
262363
278894
321577
278739
278809
295068
262293
262382
311674
262376
262397
311606
293798
295103
262399
315725
295174
295192
262433
311482
262390
262458
295287
307051
311609
311442
278683
295267
311820
262431
262302
295184
295046
262432
278771
292914
311596
272353
262505
262399
262339
293097
262334
311634
262512
311577
278865
310149
271255
273259
311476
297528
320124
262303
262396
295101
295288
295050
278850
278855
278703
278849
262345
278841
295221
311675
288126
325940
262370
311550
278872
295070
295241
311561
278826
278721
295228
311607
295183
278858
295147
278769
295170
311615
262380
304825
311451
262293
295075
278659
311628
278748
295046
311538
278808
278826
311483
295272
295852
295049
295125
299715
289730
326066
311444
311506
322996
278727
295171
295215
311604
278752
262378
281390
278849
273556
311656
307933
295230
295056
278789
295116
278761
278777
278738
262450
262449
305329
278719
262387
289711
311482
295120
320726
311553
262486
272705
278821
311586
295156
262312
311556
326739
309480
262350
278695
262430
262488
295065
271107
295051
278846
295061
295216
262509
273522
311453
324570
302236
314265
262284
312304
262375
311468
311553
285238
278679
262348
304107
278902
295230
295124
326970
295174
315121
278678
295210
311449
303105
278889
284341
311449
278815
262385
278702
278862
284944
295123
311458
278868
278881
311597
262333
262281
295040
262374
278838
262363
278692
311675
295195
262335
278869
262392
295282
295261
295121
262461
278887
311536
295258
262483
281443
295158
278820
317733
278745
278906
311645
281583
311619
295226
295202
278671
295268
311533
262293
311541
297806
311436
295104
311494
301658
278873
278839
262301
278731
278677
278786
262460
262340
262316
262478
262385
262500
295194
278747
262360
278673
278669
311589
262316
295215
278741
311632
280073
295260
262445
269321
295438
311490
311629
278683
295214
278666
278667
295175
295258
295062
311434
311527
278783
308947
278853
278817
262358
278682
267609
295092
301177
305373
295103
311453
295196
295175
278716
278881
295229
265991
278770
278765
295250
304855
295116
278783
262484
298152
325305
317258
279225
278754
262290
311485
278822
295219
285815
294465
299317
310805
318731
278886
278795
295200
278772
311486
278875
295159
262360
262491
274065
295166
278887
295063
285073
278827
311586
262293
311425
326609
278675
262286
286614
262309
262412
303512
262521
278791
276496
262482
295173
262340
278696
264650
316175
278714
262352
295064
315835
262294
290819
262434
295154
311467
295157
262349
311525
278827
311437
270868
262282
311601
278745
318338
295203
262461
262513
278823
278662
262515
270123
278745
262306
311583
311467
295104
262519
278698
262458
311585
262373
295087
295247
295069
262294
262420
295099
262427
262362
295144
311499
262380
295170
311473
263719
278894
278902
311596
262467
295267
262284
295178
278821
311468
262329
262399
278692
311633
292118
311484
311473
311607
303644
311443
262443
278747
311574
278741
295062
295099
278760
262478
262433
262301
278662
278808
278805
281887
262527
295081
295040
278868
311569
295177
278658
295161
262497
311602
311626
295066
262419
297972
262408
311652
278893
295195
262373
311637
312583
278726
311648
262317
278773
279293
311625
278735
295250
281188
311451
262512
311551
324342
311537
262515
310913
262275
262480
262359
278856
311471
311425
311549
262374
295177
262451
278858
295293
290350
278875
278756
311533
262415
306117
311524
262448
295113
284177
311562
267828
311441
311438
278660
263920
278850
262470
278690
311677
262423
262447
278835
278859
311571
327518
295245
262416
311454
293245
295260
311433
278837
262519
295200
278884
322606
295177
311449
295216
262484
262483
295101
278794
315944
262299
278685
278701
298965
278787
262292
262381
273816
262505
284793
262366
311484
325660
262284
262430
311435
262291
311676
303230
278682
314791
278833
311663
311527
311659
326651
295089
311572
278698
278811
278875
262318
303777
311470
311487
295240
292605
292468
295175
278786
295263
262310
295142
262306
266971
316638
262436
311646
281141
311581
278800
262315
311644
278720
317943
297698
278838
295234
311566
262508
262401
289227
278712
278751
291592
311677
295231
295234
295280
313350
314462
279261
278854
311445
295263
311456
325504
314639
295180
295284
323189
264601
295195
297744
278658
295269
314221
278719
262443
262366
295133
262400
324501
262322
278848
262344
295090
262275
311565
290311
311640
278795
278675
295147
311627
311467
278899
295214
286121
311506
311447
311558
271913
282563
262474
295267
262403
295280
288548
284301
274081
295120
262411
295246
311513
262402
295268
311476
295213
295143
262426
311431
311658
311572
295267
278734
278706
311558
311649
311625
262337
262346
262318
311436
311522
264552
311557
305178
310207
295279
300359
262518
295091
295185
274448
311490
278728
262325
262292
262384
311552
295080
266328
295175
278804
278694
294479
295089
295265
262478
290705
269661
295202
295061
262316
311451
278746
278743
262503
262356
311639
273359
321546
262361
311535
278898
305006
295131
311582
278787
295209
311518
315898
295272
305453
278911
295126
278847
278875
262435
299764
295295
278839
278790
278816
286240
278712
324497
311586
295246
262526
300408
278755
262523
323316
262290
295251
311427
278726
311615
262460
311617
295287
262513
262291
295276
318482
295191
278882
278774
295153
305606
262318
278685
262440
311459
311646
295282
295123
262399
295246
311542
311560
278835
325118
262422
295212
311530
262332
286896
278703
311463
262451
278661
262493
311591
286169
269107
262453
319774
262301
311546
262486
295077
262514
278880
278782
278850
295175
295056
295094
295782
281501
295107
325451
262415
295172
265840
262294
275781
295220
262314
274541
278837
311611
274793
278786
296683
295152
295046
262279
278747
311516
301860
262339
295195
311462
263684
262505
278860
262489
295121
295213
278697
311580
311448
278809
278887
295198
278813
311667
305446
278765
278725
278886
295267
262288
278874
262409
295112
295247
295202
311433
311636
311433
277238
262412
295078
298324
262426
262351
295067
295054
262405
311477
278678
278800
295132
311671
278892
278719
311424
262494
295231
295123
295206
322169
305127
311677
295238
278768
322287
262371
278809
262414
262390
316039
311521
311479
311502
278710
278776
304287
278733
311515
315796
295137
262441
294923
295125
295286
278868
311673
287096
311547
322129
311511
311640
295248
295258
262343
295181
295280
311575
295207
311627
283060
278707
262387
278909
278872
295092
278787
311463
320431
288762
288912
278704
278783
262302
311636
285730
262305
311442
262391
311623
286857
311442
316429
295168
262293
278757
311633
311580
295236
295158
262362
278869
295058
262333
320814
297546
284952
311605
295140
262390
278797
270702
311551
320056
311424
262467
278905
295115
295082
278837
311511
262296
262511
304627
278906
311477
316706
262454
314004
262471
278826
311428
311481
262495
264740
262516
278847
278749
276431
262322
262511
311625
311513
262340
278807
294646
311656
272852
278703
295089
262498
262427
265766
278715
262303
295197
262465
311598
288857
286432
311513
295177
278674
278758
278795
276699
286501
262394
262274
324444
264319
262387
311556
311499
262618
325762
311677
311563
262392
314456
262367
278664
278773
295170
307132
296582
262394
278870
295041
295200
262318
278881
311427
311498
298248
311455
311670
313377
278889
262458
262315
302052
278882
295213
311472
311648
295060
311642
295123
311600
311593
295248
278910
295160
304950
311597
311679
278698
273548
278807
295168
262379
275227
295174
278680
278663
262344
295204
297707
262462
295270
278726
262485
262456
311519
278813
311482
307253
262358
319338
295179
263601
278809
311450
311447
270218
262501
262380
278712
262378
326276
295246
262430
317878
295184
262510
262498
311485
295120
275962
311501
311460
275773
295159
311468
262504
278861
296590
311596
311570
278745
262373
278750
278837
295117
262512
262433
311480
262343
295285
311457
278667
262406
262360
311495
311585
262339
262395
278794
268157
264149
311544
298235
298247
278900
278694
278811
327285
281886
262447
311627
295052
311621
262513
262480
311613
295271
325463
311549
262412
262334
278881
262522
311521
295230
311572
295086
281823
311674
262419
280713
309889
295170
262480
262421
293150
311528
278870
295194
278890
295067
278870
278672
295161
305871
262456
270488
262393
278701
262312
301384
262302
311668
262459
295192
311515
295236
311552
311631
295140
273404
262362
262484
262497
262481
262401
310941
278739
311607
262472
262401
278722
311619
278867
311428
278784
311614
278830
262429
284687
262340
311439
285400
311654
313784
311532
278717
311590
262405
278892
280815
295048
295230
262516
262309
311450
311473
295174
295061
311630
262374
262391
295155
262392
262459
295086
278882
272109
262282
295165
278860
295161
311549
278815
319940
275433
274619
311427
262443
271568
295234
262378
262318
273394
318252
311493
262521
262312
295109
278714
311614
262524
278706
311425
295189
295198
317098
311671
295206
311652
320988
278844
262340
278801
311451
283805
277467
295290
295233
262294
295040
287175
311562
262371
325579
262394
278840
262524
262309
311471
311598
295090
295120
295272
262313
265147
296993
274734
278811
262339
295123
275285
262379
295093
262375
295098
311588
295201
311466
262366
298405
311612
262342
262355
262295
295144
262404
311636
262465
277263
295084
278791
262518
295116
278863
278868
262504
262440
302840
271895
311633
311475
278829
278797
262332
278723
295217
278711
295212
262446
295149
295092
262363
311653
295251
278894
311638
299481
278822
262327
311614
278797
295080
304011
278715
313657
295077
295071
311011
300709
295133
278722
288480
295091
278894
279373
311678
262403
262273
295127
269869
262302
324171
266704
264006
262468
314656
316182
278878
262618
278904
311427
278728
311653
278826
295112
278725
313140
270797
278895
311443
276661
262502
295070
295220
314365
262500
264698
262475
295182
318110
327576
326364
295177
278855
311636
278724
311585
278890
262458
311506
262422
278735
311467
262306
295222
278783
308859
295254
284923
311428
311598
262439
278658
311514
295194
323558
295247
290643
295127
262459
278737
311477
295067
263874
311674
262453
303927
278739
262389
295048
278764
311529
321102
262473
262430
311454
295258
262306
262504
278883
311667
295127
311614
295270
278713
262473
278700
311476
295281
316354
278741
295016
322799
262481
278671
262298
282086
290404
278674
262318
278767
295055
311650
278827
291514
311597
301996
311560
311487
311561
262521
296336
304269
262378
311429
295184
295079
311622
270398
295122
262436
262464
278822
278787
311547
278663
311663
311988
311597
304588
295063
270463
278856
311534
262462
278730
262323
262379
262454
295207
295155
262324
284550
278861
295254
295260
278775
262504
262436
311523
278835
278803
297828
288928
278714
295120
268090
307945
262325
295188
278873
262327
262474
278666
295161
295252
295086
289467
311602
295244
262348
278727
278724
262475
295134
311672
295048
295154
262514
262341
295171
278737
262285
278708
311641
311659
315884
295102
295052
311518
295196
282718
326641
278761
295153
311597
262277
278730
262280
295269
278871
311480
311588
295258
307023
311676
278700
278815
262279
295120
294803
262352
311574
262461
295205
278845
278799
274623
311450
278687
278857
266821
311459
262458
311557
311615
278841
295197
311525
311520
278722
278219
293251
295218
311542
311580
295266
311470
278835
293646
262306
262395
278695
278848
295090
311633
278669
262459
278756
295087
295102
278719
295250
266950
278866
278729
268743
278676
278673
262386
262277
262281
262313
299800
295293
311466
295091
278874
308693
262510
309017
304178
311476
295220
311443
264195
301126
311540
271810
295265
295103
311441
311521
278750
278676
278825
311560
266832
320616
311644
312715
262384
278882
311497
262449
311518
262311
262340
293282
311471
262510
262331
311559
295119
273242
295121
297680
311534
295155
278702
262340
295284
278844
278725
295056
262399
311609
262481
295050
295216
278656
295236
295263
295142
262273
303508
295233
311477
262398
311471
278806
262504
271228
262336
311652
311628
278719
262384
295202
311443
295288
295114
310081
325087
311453
262311
295222
311651
278742
262344
262354
295192
295216
278787
278717
295170
295166
278718
311651
312467
262450
278716
278865
295268
278850
278772
295128
262348
295159
295217
277165
309598
281696
281052
295269
278684
262449
311629
311537
278811
311675
262515
278832
306886
278816
311544
311430
311490
311605
278749
311650
311425
305082
262465
295220
322837
278871
278758
278833
295202
262274
320189
312503
262489
324800
306762
295102
295101
294662
262490
311431
278719
262278
311499
311452
262463
295078
297140
295112
295252
311437
311484
262483
262284
262414
311668
298211
273406
278743
278835
295245
262289
262351
295131
278669
262329
311611
278701
310663
295239
310214
311467
295202
311480
271901
295236
295201
262486
311505
295190
311532
273942
295055
264577
278862
292623
295128
262365
278907
278739
262337
278816
295213
262439
262440
288088
278806
295059
295255
262467
278786
311669
262317
278804
274851
278909
278751
278904
311673
262503
311457
262347
278880
295045
311975
262494
262351
262518
262279
311545
306675
323476
262386
311521
278848
295072
293478
295089
262281
272148
278862
311534
262456
295051
262430
278835
312444
295069
262979
262338
278716
320556
311644
311653
278775
278792
311664
278717
262407
311652
262301
278713
262414
311438
278727
262415
278819
295211
278666
284499
262421
295202
295232
310281
295250
278862
278804
295199
297384
311667
295219
262491
311496
295223
311506
295194
295171
302069
295083
306355
311444
295117
295201
295281
278790
262483
311579
310137
295126
262452
278873
311590
278877
295177
278868
278863
262481
295177
279289
295071
262499
278772
295177
295081
311610
262291
295167
295248
262373
262371
295294
263212
262382
311662
262343
278682
288186
262488
311599
295275
295134
262477
278759
262374
278842
309767
295102
295181
311640
311428
295248
318215
278849
295200
262290
311498
262362
311490
278875
272280
262359
280897
319134
278694
301812
311425
316034
311443
273171
278736
295146
311513
311656
311582
295131
278788
262405
278760
283255
304363
311460
311674
311495
264988
278666
278796
295155
311515
311646
262433
262473
262392
262510
311674
311556
262490
278835
295114
278726
278764
269053
278691
278795
262388
295060
311673
278823
311516
271525
295102
317078
278657
278862
278853
262368
311507
262383
262425
294663
295155
273699
278199
311605
262364
311575
262353
262285
311548
262284
262369
262514
295214
285640
311596
262501
262376
262334
262508
278781
285299
278897
311664
278878
311625
273529
262481
311487
262309
262280
299506
326190
320089
311603
311571
295115
278748
295234
295129
295266
290597
278675
311449
262391
277814
311650
278797
262298
278725
291569
278907
311599
311624
285833
326943
295143
278799
262411
316538
278673
262525
295272
262474
295061
278777
278663
278890
262505
278888
295125
295206
304908
313689
278733
311643
278811
278784
316150
295113
321506
278795
267097
319389
285776
295142
278728
318879
280264
311622
278742
262387
301139
262318
311676
262358
262432
278728
311576
311480
311578
262346
282502
278791
295057
278704
311465
326824
295163
311508
262377
262458
295231
274155
295263
262299
295043
294547
287732
278804
295054
295070
297357
311583
311669
278671
295488
278727
278744
311595
311591
262309
278808
262409
295170
262349
262395
311646
275667
311496
278763
295065
278777
277193
321932
278883
278663
311536
325001
296127
295163
266064
295099
311545
278878
278769
311591
262364
295232
324421
262336
262348
278748
311534
290585
295207
301043
311573
262509
311459
295179
295140
262486
295177
278842
311489
295165
278739
311534
309969
278780
262414
278705
311457
262424
320038
262436
278898
311595
262334
311594
285927
311588
278842
278670
262413
277973
323905
278677
280789
295263
289040
265165
262475
262330
316501
311610
278820
295144
266472
311444
278710
295173
278746
262373
311651
295168
278773
278778
278752
278758
311634
278897
295277
287246
278828
295214
264301
278113
278787
295220
295231
278816
262524
295229
298977
262498
295197
262326
295203
278863
278726
311618
278723
317707
262431
262442
306102
262346
278872
289057
311464
311536
311520
262401
262453
262463
295057
320031
295189
262406
323077
310895
270614
311565
262287
278897
295167
295043
311651
270083
262347
262383
278726
311549
278908
278864
311510
295230
311616
278765
262423
295122
262521
311580
283084
278783
311671
311433
278859
278811
295141
295208
262523
311652
311584
295112
301300
262317
278897
291537
278731
295174
278749
278793
311537
278869
295189
312780
278841
278885
311507
295287
311634
277785
267321
316937
311537
262436
295217
262313
295150
262432
295238
295140
282761
278884
295052
262305
278694
262471
262324
295091
295128
278810
278746
311548
311635
295164
278854
278719
311610
311519
311519
262471
311456
324639
262282
295203
311493
262357
295147
262341
278767
278872
271594
295176
278831
295121
311600
262401
295147
300865
311432
278845
295100
267722
290234
278669
262405
277959
262409
311661
311523
322707
311490
262302
278887
262525
278778
278901
262429
262308
311643
311535
311446
262284
295243
262398
322204
278721
311552
311496
295263
311551
278784
278780
295258
295095
278746
295239
311444
262499
262418
262306
262308
262356
262313
262442
262502
295040
311483
311460
263032
276618
311530
262277
295260
281119
278892
311564
295050
295119
278807
262319
265456
278844
262323
262283
278814
295248
311624
278857
278816
311491
262513
279709
278673
262370
262485
295272
262512
311542
302985
262393
295150
311553
262422
278743
295059
267004
311646
300496
290197
311534
262399
311639
319855
295193
278683
311426
278866
296767
278807
278700
295249
278721
271924
311483
321163
311675
295204
311561
278865
311527
278748
283552
286183
262311
295284
270637
283894
262498
295241
295182
295247
278821
318091
278882
262286
295209
267487
295263
262459
295195
278730
311504
262474
288557
262445
295122
295184
311469
278851
295206
295157
311454
262402
262381
262325
322035
262484
262482
326019
283672
262519
299248
295056
266523
295272
263606
262448
262362
311436
311511
311543
295191
278722
262473
311475
311518
295228
295051
311627
283450
269038
262330
319208
321048
278666
315028
278900
295291
295101
262398
321981
292801
308133
295209
311558
289406
311495
295048
311470
264282
262383
295258
278889
295161
307593
262518
278845
278757
278908
311584
311544
311479
311624
311657
311650
262340
278736
311659
295184
262410
311510
311558
278904
302109
311633
311488
311611
304833
311615
311575
295079
262423
278761
262272
320096
262468
311457
311658
295294
278790
262447
279405
278860
295169
311628
262416
295085
295150
315682
311586
295055
262402
278872
295272
278736
278749
311510
311611
262312
311603
311493
262507
307722
311547
278816
311661
295052
311666
275629
278858
278855
263254
278745
295063
295225
311664
311640
262308
296782
311544
293505
278783
308160
291736
311676
278754
320935
262453
262461
262458
262448
311596
319130
278849
278756
278856
311653
300565
311600
311644
266969
265598
319762
295261
278671
278724
311470
278810
311623
277454
295183
311676
311486
311440
262384
262356
278699
295204
295180
311475
262307
311598
325037
278812
295252
278787
283695
290156
311616
315837
311586
262458
262503
262355
278767
308123
311667
295162
295220
283861
311468
295205
278860
295160
269235
311532
278854
316206
278821
310600
295211
311579
278731
278659
305254
311454
311513
262310
278885
295091
278700
311459
311495
278725
264120
311466
262335
295119
311601
295287
262347
315662
311578
311646
311457
262451
278671
306328
262432
295085
311542
278761
278891
262408
278670
262432
295064
262461
278776
311446
297805
295285
262390
277907
295264
292668
307184
282021
311476
278892
311650
285315
326305
292759
314895
278807
326230
262300
295117
295111
262488
278695
304794
311425
318990
278799
262391
295067
311656
295289
295216
278668
295123
262433
278676
295084
295052
262343
278688
262299
276773
262340
305130
262521
292297
311572
311531
265184
308142
262500
295286
311425
262290
284033
311662
311526
311554
311658
311665
311628
262305
277624
262297
280555
265496
304132
311510
325787
311460
278900
262477
311621
295258
295459
278850
278776
311499
278678
311624
311510
287933
295260
278795
272665
295205
318985
311569
262407
265328
278878
265969
262411
295206
262335
295165
295051
311435
281960
262488
295153
277251
311527
278901
278712
311664
278890
295106
262311
311543
311447
278685
278854
278803
278725
295102
311506
262292
311646
278876
295058
295236
262520
311591
311502
262312
295252
278728
306762
262460
301242
311495
316925
295281
311442
295091
262426
311616
295245
311435
278731
311635
299052
311564
309847
267381
268324
262485
262485
301221
278826
295099
262359
295280
262388
311473
262517
311440
262500
311604
267854
311673
278783
311593
262277
311476
295138
311588
262427
262290
285204
262397
278710
284673
286536
286507
279747
262510
289038
311512
262415
262402
311653
310752
311502
278751
311428
262478
295218
262455
295253
311626
278794
278814
278734
262523
311288
278784
279417
262379
286192
311634
278663
267973
262352
295054
295237
278789
278745
262502
262518
314220
303585
295228
275891
278881
295198
324784
308740
295194
278694
295107
295140
311576
311473
295164
295269
296843
311488
278750
285601
311666
278807
295196
311513
295159
262508
262512
262459
312851
311622
295065
311465
311538
274625
311509
262344
295274
278797
278685
295105
311629
278674
295067
262368
295105
278773
311466
295161
322033
315415
262492
311425
295183
295117
278656
311478
267784
311617
295084
311631
278695
308590
291281
278877
295073
311589
325870
286504
311639
311658
311651
311612
262449
262402
305475
295098
265859
295082
262313
262303
262465
299250
311618
317138
295138
266587
295265
262360
310792
311532
278711
278817
268695
311559
278844
295269
262422
278812
288765
262437
311455
311643
311456
295226
295283
262472
311558
311667
295254
295162
262523
262328
278802
295282
262481
278805
275927
273489
262476
311490
311432
278675
273519
262509
278869
304523
325001
295283
262435
278842
277986
316166
295158
262323
295148
278667
323548
313272
262285
295257
262527
295102
262283
278774
295118
283567
262394
278662
295207
262294
262505
295290
262330
295252
311384
262404
278664
311588
295142
295112
316315
311465
278794
278885
262324
311653
311656
306213
295204
317996
262405
262313
262525
311592
262278
262490
295055
295233
278893
262422
295090
278697
311589
278700
296508
311574
262325
311621
278676
316018
269943
311472
278677
311447
311601
295217
295281
306357
325966
295093
295160
311566
262510
262524
295151
262413
295171
299477
278850
295274
310042
311518
295078
262388
278709
278798
262298
311589
278677
278687
262306
278861
278909
262504
301676
278721
295082
262386
295214
295259
263276
295295
278866
262502
278720
295253
278664
278660
278752
262303
292829
278716
266250
311576
262515
311444
262418
262508
278791
278893
295184
278811
278803
278754
313071
262483
278843
311453
311629
295212
278704
262482
278829
262522
278786
319349
295283
311491
262281
311530
262510
278765
262424
292957
265324
311504
277388
311468
295184
311667
278726
311427
311659
278713
311675
316420
262397
264727
278741
262369
313198
262333
295268
295134
295168
318713
311053
313100
311511
278754
311620
295083
311437
295206
268152
262285
278835
278886
295239
308276
262317
262374
295104
284111
295087
311676
311614
295199
278677
278863
311667
267434
295281
311464
262526
278665
301274
295244
278658
278835
278819
295141
278815
278787
262367
262510
262306
294275
278836
295095
311536
311508
311671
262480
311451
295230
278889
295199
278847
262372
325250
311452
262440
262274
262442
278801
278744
262274
262413
278836
295131
295058
262399
262287
289580
305340
311652
262513
278843
262483
262285
262367
311624
295090
306096
262502
295160
278748
288535
311475
311526
311623
311637
295250
278847
311552
262370
278755
263244
278658
278840
311504
311640
262427
295118
262442
311479
278876
262509
311501
295053
295204
295112
278893
262465
311635
295113
295262
262443
311664
269002
262497
316606
262468
278823
278850
311660
276811
273884
295093
262300
311446
311641
311570
278759
267657
311481
262450
295084
262367
278783
278833
311620
295284
278742
311515
262483
262384
311506
311543
295202
295170
295081
278874
295087
300275
295142
276826
262366
292729
311494
311501
262399
262496
276711
278712
295177
269011
275497
311611
295285
295189
322118
290013
278951
262380
278773
295172
311571
311511
272460
262464
278854
262374
284397
311656
311431
262304
278838
262319
262308
278797
262312
311525
278733
262281
262364
281037
295292
306611
262359
311439
278830
262483
262459
311523
311468
278782
262455
262307
311537
311562
265581
311489
262402
311533
278783
278896
269984
311473
275169
295250
311673
311439
278787
298125
311437
262312
311555
278886
262376
278701
321402
278658
262290
281477
278876
287286
262276
326423
262326
262466
278697
278754
311553
299566
278673
278813
295184
311572
311577
322710
282848
295187
320349
280975
278757
278676
311512
310165
301293
311468
262481
262431
311569
278911
263935
311505
262414
311556
311435
313624
262304
262396
278682
262510
262401
325370
262442
262350
311440
278660
262318
311621
295271
278861
311641
262320
262324
295047
269996
295098
262392
295075
278599
295056
278867
277779
262315
295202
262302
311656
262505
262503
262395
262319
286620
322531
311622
311470
262320
262416
311522
311666
323867
311671
304722
278754
267088
262383
262449
295229
278669
326147
295092
262523
278883
295126
295209
271078
262396
305402
278692
297679
278738
295108
278840
295292
295158
295290
295287
278824
313994
318704
278764
311667
262310
311615
296853
262339
311606
311591
271464
317945
311636
311576
262302
268513
295164
267180
278753
278835
311569
311480
280002
295242
311560
311605
311424
295162
295246
262435
262283
262300
311674
278800
284133
262462
311661
323995
278796
310368
311576
295056
311586
274190
313615
311602
321910
295193
262312
311460
278688
262520
267674
311642
283986
311499
262379
262453
311576
295223
295168
262319
262407
311606
262485
278680
295170
295082
262305
298527
262474
311657
311437
278731
324857
295083
311437
262393
278763
311509
262519
278792
311434
262494
278713
278838
262304
320971
311442
262339
311603
267048
263661
311616
278869
295239
311558
262388
278685
289844
278723
278809
278673
311674
262320
311509
263229
262360
311490
303932
311592
278680
262402
311645
262392
278739
295276
295223
262491
311464
311477
295209
262496
311536
278894
295288
278681
295119
295276
278778
311610
262475
295051
311438
302462
311569
311562
291855
295149
295079
278669
263732
262511
295063
262435
262418
262421
262441
295220
268228
278678
301661
311573
295274
262443
262288
262469
311540
311442
268307
295233
311505
262415
295217
311636
311610
262502
326836
295045
262384
276611
262419
295128
311650
262363
278694
282897
262470
262285
283487
311633
298675
278715
284470
311430
296034
262480
262762
278892
278713
311559
262481
269728
295168
262494
323663
313011
278812
278885
262431
292486
295116
295140
311498
295205
278709
278760
271708
311579
295245
262377
262321
278902
262442
301705
311657
320039
311636
267115
262452
262308
262389
295291
262331
311636
311623
295255
295144
296915
278859
311645
278690
262299
262400
311626
277429
295077
262414
278896
322638
278925
278784
278838
311564
262489
311678
262478
295197
295171
311460
295095
262458
278759
278770
295080
278868
286402
313369
311441
310146
311607
264538
278760
297931
311501
278770
262434
295068
311622
311430
278878
302713
295280
295048
295066
311511
310512
320461
278760
278681
295140
311556
295232
278743
295247
318747
262347
295060
317856
277919
262338
262309
311427
311675
262518
262327
278719
279872
311654
276882
262472
295068
262434
278725
278707
311494
272442
295123
278736
262292
318591
311662
295173
295112
295157
321714
322664
262451
311658
310578
262468
295136
295064
262419
278770
311549
278823
311478
311675
295159
315614
262396
278795
311519
295189
311673
280505
295075
295238
293585
278713
262327
278731
262321
295040
281649
295265
264311
295230
262431
298301
295082
262467
262451
309829
262299
311500
278851
321543
278874
262342
311425
295080
311639
311649
292414
278748
262406
306944
262466
295255
295052
295047
295056
278796
295109
262354
311581
278855
278808
311490
311455
262526
278833
269799
297808
311541
311460
311559
278739
295183
262285
278818
262364
311588
311650
262362
311511
295241
262338
295228
311655
311486
295238
297672
262316
262296
278831
262434
295087
311464
295172
296569
262498
262437
295591
311473
278894
295159
278732
311470
278821
262336
262424
278879
278846
262500
319815
309911
262378
295204
278718
263999
262379
278677
271832
295228
311435
311508
311605
278685
274588
269094
278894
278726
262654
262482
271663
311547
311556
295051
262464
278706
262406
295109
262394
295179
311626
301702
262500
278739
262354
295107
278857
293278
295155
295176
312318
278844
262294
295104
262348
262354
262442
278808
262331
311603
262347
295122
327181
278684
262483
295271
295220
311612
295163
295156
278749
278842
311476
295054
295188
262515
262487
278859
278668
262305
262450
278888
278677
295109
306320
262522
311627
262307
262373
262453
278798
262423
311521
295136
295204
277426
295121
295067
295050
278895
262390
313491
311530
278775
278768
278758
278745
262479
278797
311541
295129
313002
304300
295207
290077
311476
296383
265031
295162
278905
295088
295220
295163
311554
298801
278911
301311
311597
295070
262456
278676
311465
295057
311545
295292
295158
278802
311589
278659
295169
278668
278910
262414
262382
295237
295145
262436
262423
309784
308569
271256
311501
278808
294977
311565
295103
311569
273929
311478
262526
295139
262666
278673
295279
278680
311540
311586
262337
262396
295230
311424
295213
273842
279336
307627
278883
262284
311546
262328
279164
262487
278813
278787
311470
278855
278759
311486
313694
295188
311643
295134
289418
311469
295255
262398
295204
278868
279058
295184
312866
311671
262443
282654
311502
262400
311574
295102
295102
295261
262489
303617
278801
295199
311490
317463
318693
307823
295183
278712
295258
278809
311612
299415
295233
278903
311546
311652
307037
311533
278887
295067
295108
278818
278858
295166
262519
278657
262400
311492
266856
300533
278760
311467
262465
295245
278857
311532
295122
295132
278839
311636
262521
262378
262296
262378
262514
295161
311479
262328
278728
278859
311411
280801
311572
311618
262323
269434
278760
266505
262404
311516
281093
295200
309299
323048
278753
311492
295119
262484
295073
295224
311481
312473
295189
311440
262456
295224
311437
262426
295155
295230
311666
297993
311444
278781
278679
311600
324090
278766
262409
262469
295177
291185
278891
266587
311452
262286
311582
311610
262433
276013
319874
295098
262351
278776
262493
278840
311634
295236
295071
262377
278690
278834
311638
311593
278856
272231
262341
311530
311672
271690
295291
295258
311494
311474
295154
311437
315669
300235
291062
295160
295045
295093
295220
298829
295136
278736
311606
295045
295250
278859
295093
311424
295195
262337
316314
262435
262276
287904
311508
262325
262321
278903
311637
262491
295062
292617
278770
295226
295121
262448
295219
295128
295253
278778
278674
295189
262483
262315
319074
295167
326848
278835
278787
305128
276765
295236
300613
311590
295063
311629
311432
311473
311178
278854
278836
279185
278897
262491
278679
278849
311601
311514
295291
293376
311558
262466
280631
295089
265766
278718
278777
262313
311509
310802
275756
278695
296127
295042
262508
295167
312100
299420
314357
262453
278810
301564
278708
311564
303026
301316
284522
295201
295282
295207
311568
311501
262408
269718
262429
262370
320009
278888
262384
295284
314297
278782
278863
295250
276051
311491
262300
278894
295146
268243
262409
262368
278664
281629
295292
295192
290630
311652
310312
295235
311508
278742
311664
311494
262481
311557
295197
295080
262274
262391
262455
274137
295274
295234
313270
302216
295276
262303
278764
295072
311645
282289
295295
278706
295179
295129
295230
263471
278815
295199
311569
262407
275393
278763
262314
262526
295226
278785
262498
286467
262350
266788
262356
262286
295177
262357
262473
278832
262492
295203
295263
262428
262289
308598
295202
278742
311596
311609
295162
295057
295130
295287
323334
311522
311542
278716
262278
311609
262292
295231
311484
311471
278744
278868
301799
311468
326487
278901
262439
295136
295254
311533
271457
262413
311478
262392
262520
311613
295221
278700
262464
262369
311589
311570
303842
311603
311451
278729
311593
295169
262273
278890
262385
262464
295196
279708
262305
278687
278802
295178
295225
262342
278664
295270
295186
278663
262442
311658
311673
315875
278817
262293
295151
262361
306385
278748
278875
278828
278695
295224
311440
262464
295182
262495
262496
262522
311597
311425
267429
295192
262342
296489
296820
285440
304596
311534
295225
287013
278798
311526
278708
295073
295211
295094
311671
278734
295282
295254
311520
278902
311547
278687
262334
295117
294289
317752
295084
278862
278754
295289
262498
311614
311679
278877
311513
294252
278852
311588
295997
278689
278787
278762
326519
311480
311538
295073
311642
278672
295073
295169
311494
311591
270779
311597
262280
263672
262337
278681
295283
262473
310629
262317
295119
280421
311527
278805
295188
295089
262434
278691
295042
278854
311455
279008
278766
326039
262383
278658
262435
278729
317579
311607
311462
311536
308256
278888
278798
283144
303834
311519
311570
311599
290667
295164
262305
295172
278795
278867
311526
295226
262342
262490
295057
295201
278792
268496
311492
295269
278723
295284
309422
295042
295083
268763
311639
295267
278675
315656
262491
271044
311475
311488
290610
262280
262478
262527
295212
278766
278867
314756
295084
278698
262339
278750
279784
295170
262354
295136
295219
278664
262362
262310
262495
278828
311561
314046
311502
311466
295091
295263
262505
262495
262444
295183
311647
296022
262289
267204
311606
295188
278802
311644
278896
284038
278738
311501
262351
311619
278907
311424
262367
295205
262301
311508
278752
278793
295141
295123
295261
311451
307376
262379
295053
262389
295040
308984
278899
262272
295042
278812
262447
311479
311441
278799
311445
278867
295070
262449
278803
311648
287977
311587
311515
295209
295112
311564
295129
311575
301419
278691
295200
320188
311431
291050
311571
311470
278901
295136
278779
311460
325257
311510
262444
295097
295221
280341
262282
262318
311815
311481
311435
284624
295241
262436
311612
308224
278661
265479
265523
295257
278862
267588
311678
262499
295129
278816
295276
312305
306936
262389
295100
262300
308564
262278
325626
311501
262491
278741
311590
278677
311427
290855
262339
311476
279664
284659
278677
295070
281316
278800
311433
262320
311473
311445
295261
295175
278757
278682
262431
262392
278729
297315
272820
278768
278772
295109
311605
311502
311567
299337
262459
311666
295042
290586
262386
262401
264800
298552
278842
311474
311594
324026
311594
294468
311542
295235
278760
287339
262480
262306
295051
286585
278873
290311
299243
295288
292303
262333
262397
278776
278907
295123
295065
262278
262377
295183
295245
295173
278854
295095
295229
311597
278833
295213
283719
295295
283924
278795
311565
262524
295333
311671
295258
304241
322811
275252
262352
278691
278731
311585
278762
